4023738961
4023738977
4023739111
4023739162
4023739172
4023739218
4023739256
4023739291
4023739351
4023739405
4023739441
4023739499
4023739531
4023739668
4023739684
4023739785
4023739788
4023739791
4023739884
4023739967
4023740147
4023740171
4023740206
4023740286
4023740291
4023740414
4023740457
4023740559
4023740582
4023740609
4023740742
4023740748
4023740752
4023740753
4023740765
4023740879
4023741002
4023741057
4023741089
4023741094
4023741231
4023741232
4023741337
4023741342
4023741389
4023741396
4023741398
4023741423
4023741448
4023741495
4023741511
4023741543
4023741548
4023741555
4023741582
4023741640
4023741649
4023741742
4023741770
4023741853
4023741970
4023741991
4023742022
4023742032
4023742079
4023742225
4023742235
4023742266
4023742310
4023742311
4023742365
4023742370
4023742371
4023742398
4023742403
4023742446
4023742451
4023742482
4023742635
4023742726
4023742960
4023742972
4023743018
4023743029
4023743215
4023743235
4023743354
4023743477
4023743493
4023743496
4023743538
4023743545
4023743547
4023743651
4023743709
4023743746
4023743790
4023743891
4023743973
4023744028
4023744049
4023744095
4023744141
4023744149
4023744294
4023744304
4023744448
4023744473
4023744511
4023744531
4023744594
4023744639
4023744654
4023744708
4023744874
4023745317
4023745335
4023745384
4023745565
4023745650
4023745730
4023745782
4023745837
4023745845
4023745863
4023745924
4023745960
4023746058
4023746060
4023746301
4023746316
4023746317
4023746381
4023746458
4023746546
4023746612
4023746629
4023746630
4023746647
4023746671
4023746745
4023746761
4023746802
4023746808
4023746814
4023746857
4023746932
4023746955
4023746960
4023747026
4023747270
4023747273
4023747325
4023747346
4023747414
4023747420
4023747508
4023747512
4023747663
4023747754
4023747755
4023747854
4023747863
4023747865
4023747884
4023748040
4023748073
4023748142
4023748441
4023748444
4023748520
4023748548
4023748641
4023748668
4023748672
4023748729
4023748774
4023748796
4023748830
4023748855
4023748886
4023748903
4023748921
4023748928
4023748968
4023748974
4023748991
4023748996
4023748997
4023749128
4023749130
4023749162
4023749208
4023749304
4023749325
4023749328
4023749537
4023749558
4023749568
4023749643
4023749647
4023749722
4023749781
4023750060
4023750067
4023750123
4023750171
4023750221
4023750238
4023750247
4023750310
4023750369
4023750400
4023750432
4023750436
4023750493
4023750525
4023750555
4023750586
4023750611
4023750695
4023750744
4023750865
4023750949
4023751018
4023751066
4023751177
4023751188
4023751306
4023751357
4023751436
4023751442
4023751448
4023751560
4023751635
4023751637
4023751688
4023751693
4023751697
4023751718
4023751841
4023751992
4023752017
4023752027
4023752037
4023752059
4023752060
4023752154
4023752166
4023752203
4023752416
4023752445
4023752525
4023752572
4023752582
4023752595
4023752699
4023752717
4023752733
4023752816
4023752921
4023753032
4023753099
4023753133
4023753140
4023753183
4023753184
4023753192
4023753204
4023753241
4023753383
4023753466
4023753711
4023753717
4023753734
4023753874
4023753904
4023753923
4023753938
4023753967
4023754033
4023754324
4023754342
4023754422
4023754437
4023754490
4023754694
4023754730
4023754892
4023755028
4023755053
4023755337
4023755347
4023755447
4023755452
4023755627
4023755643
4023755645
4023755663
4023755725
4023755771
4023755873
4023755938
4023756014
4023756070
4023756077
4023756162
4023756314
4023756364
4023756397
4023756593
4023756815
4023757147
4023757171
4023757190
4023757202
4023757223
4023757645
4023757741
4023757803
4023757812
4023757844
4023757858
4023758004
4023758181
4023758251
4023758337
4023758447
4023758700
4023825174
4023825230
4023825237
4023825247
4023825256
4023825306
4023825358
4023825421
4023825496
4023825655
4023825730
4023825791
4023825843
4023825936
4023825942
4023825960
4023825964
4023825979
4023826041
4023826135
4023826144
4023826181
4023826190
4023826217
4023826267
4023826277
4023826278
4023826300
4023826310
4023826332
4023826343
4023826355
4023826510
4023826536
4023826539
4023826594
4023826653
4023826679
4023826697
4023826711
4023826743
4023826754
4023826779
4023826914
4023826994
4023827006
4023827064
4023827079
4023827093
4023827120
4023827193
4023827224
4023827241
4023827256
4023827273
4023827295
4023827464
4023827522
4023827590
4023827796
4023827817
4023827824
4023827935
4023828027
4023828032
4023828034
4023828044
4023828114
4023828148
4023828185
4023828191
4023828207
4023828277
4023828283
4023828297
4023828388
4023828390
4023828449
4023828480
4023828499
4023828572
4023828673
4023828695
4023828713
4023828748
4023828755
4023828787
4023828808
4023828842
4023828861
4023828947
4023829044
4023829091
4023829235
4023829293
4023829303
4023829340
4023829395
4023829500
4023829520
4023829563
4023829614
4023829734
4023829868
4023829884
4023829898
4023829919
4023829993
4023830022
4023830125
4023830169
4023830178
4023830209
4023830215
4023830239
4023830258
4023830265
4023830306
4023830409
4023830418
4023830423
4023830549
4023830550
4023830554
4023830695
4023830701
4023830740
4023830918
4023831051
4023831142
4023831195
4023831244
4023831289
4023831291
4023831305
4023831409
4023831424
4023831455
4023831493
4023831505
4023831531
4023831586
4023831635
4023831759
4023831785
4023831961
4023832006
4023832132
4023832165
4023832173
4023832310
4023832323
4023832329
4023832343
4023832433
4023832457
4023832463
4023832477
4023832649
4023832662
4023832670
4023832904
4023832917
4023832939
4023832947
4023833069
4023833096
4023833134
4023833169
4023833180
4023833213
4023833285
4023833288
4023833308
4023833375
4023833455
4023833491
4023833505
4023833516
4023833517
4023833533
4023833552
4023833593
4023833688
4023833689
4023833757
4023833770
4023833809
4023833942
4023834024
4023834074
4023834093
4023834136
4023834193
4023834254
4023834278
4023834284
4023834423
4023834461
4023834501
4023834589
4023834676
4023834732
4023834738
4023834770
4023834909
4023835030
4023835090
4023835098
4023835143
4023835216
4023835227
4023835250
4023835278
4023835352
4023835387
4023835450
4023835491
4023835512
4023835521
4023835601
4023835796
4023835818
4023835828
4023835860
4023835913
4023835944
4023836007
4023836022
4023836096
4023836198
4023836341
4023836376
4023836388
4023836460
4023836485
4023836512
4023836597
4023836706
4023836818
4023836939
4023836945
4023836997
4023837020
4023837074
4023837140
4023837175
4023837197
4023837243
4023837286
4023837315
4023837388
4023837422
4023837569
4023837593
4023837665
4023837693
4023837826
4023837828
4023837890
4023837902
4023837948
4023837959
4023838034
4023838081
4023838160
4023838210
4023838224
4023838240
4023838269
4023838303
4023838330
4023838412
4023838585
4023838704
4023838724
4023838765
4023838859
4023838869
4023838895
4023839101
4023839140
4023839164
4023839182
4023839262
4023839279
4023839319
4023839358
4023839384
4023839478
4023839483
4023839508
4023839563
4023839575
4023839672
4023839764
4023839789
4023839941
4023840113
4023840182
4023840198
4023840218
4023840279
4023840282
4023840445
4023840470
4023840527
4023840533
4023840602
4023840710
4023840890
4023840896
4023840905
4023840925
4023840986
4023841040
4023841055
4023841098
4023841170
4023841190
4023841262
4023841288
4023841293
4023841415
4023841516
4023841527
4023841586
4023841612
4023841746
4023841751
4023841877
4023841915
4023841933
4023841976
4023841988
4023841996
4023842039
4023842069
4023842098
4023842222
4023842299
4023842386
4023842387
4023842423
4023842441
4023842520
4023842526
4023842598
4023842700
4023842705
4023842722
4023842767
4023842797
4023842812
4023842830
4023842837
4023842929
4023843007
4023843119
4023843151
4023843239
4023843324
4023843397
4023843457
4023843469
4023843507
4023843530
4023843623
4023843691
4023843706
4023843713
4023843723
4023843728
4023843879
4023843918
4023844129
4023844133
4023844246
4023844247
4023844249
4023844314
4023844380
4023844429
4023844505
4023844511
4023844600
4023844602
4023844643
4023844687
4023844693
4023844725
4023844751
4023844765
4023844906
4023844950
4023845057
4023845102
4023845179
4023845200
4023845248
4023845281
4023845306
4023845333
4023845392
4023845545
4023845547
4023845678
4023845744
4023845795
4023845798
4023845829
4023845903
4023846040
4023846116
4023846141
4023846186
4023846257
4023846332
4023846334
4023846347
4023846395
4023846426
4023846441
4023846498
4023846567
4023846609
4023846636
4023846684
4023846752
4023846753
4023846768
4023847006
4023847020
4023847072
4023847154
4023847163
4023847165
4023847168
4023847290
4023847330
4023847447
4023847475
4023847725
4023847743
4023847803
4023847843
4023847928
4023847957
4023848128
4023848184
4023848705
4023848713
4023848733
4023848761
4023848855
4023848863
4023848889
4023849006
4023849108
4023849111
4023849145
4023849152
4023849178
4023849346
4023849447
4023849484
4023849491
4023849497
4023849506
4023849573
4023849587
4023849649
4023849734
4023849766
4023849849
4023849935
4023849951
4023850000
4023850223
4023850230
4023850238
4023850265
4023850348
4023850367
4023850445
4023850462
4023850530
4023850545
4023850645
4023850683
4023850701
4023850916
4023851144
4023851161
4023851163
4023851220
4023851253
4023851277
4023851299
4023851320
4023851334
4023851346
4023851356
4023851413
4023851452
4023851501
4023851519
4023851553
4023851713
4023851770
4023851774
4023851971
4023851992
4023851999
4023852036
4023852121
4023852214
4023852245
4023852260
4023852261
4023852426
4023852432
4023852462
4023852470
4023852472
4023852532
4023852571
4023852580
4023852615
4023852631
4023852702
4023852723
4023852935
4023852943
4023852950
4023852963
4023852989
4023852996
4023853003
4023853130
4023853233
4023853269
4023853286
4023853363
4023853408
4023853560
4023853578
4023853593
4023853595
4023853625
4023853643
4023853669
4023853757
4023853773
4023853895
4023853896
4023854138
4023854142
4023854149
4023854215
4023854457
4023854464
4023854472
4023854477
4023854563
4023854593
4023854703
4023854707
4023854814
4023854879
4023854898
4023854906
4023854981
4023855017
4023855251
4023855255
4023855413
4023855472
4023855473
4023855519
4023855682
4023855731
4023855735
4023855752
4023855790
4023855801
4023855994
4023856056
4023856212
4023856372
4023856410
4023856411
4023856426
4023856555
4023856616
4023856657
4023856659
4023856770
4023856842
4023856907
4023856938
4023856951
4023856985
4023857023
4023857154
4023857220
4023857338
4023857434
4023857578
4023857668
4023857695
4023857697
4023857721
4023857832
4023857854
4023857859
4023857917
4023857940
4023858039
4023858099
4023858102
4023858132
4023858170
4023858220
4023858272
4023858352
4023858419
4023858429
4023858433
4023858437
4023858475
4023858478
4023858555
4023858653
4023858664
4023858692
4023858718
4023858951
4023859159
4023859198
4023859340
4023859357
4023859371
4023859385
4023859432
4023859457
4023859466
4023859579
4023859694
4023859715
4023859774
4023859802
4023859835
4023859842
4023859871
4023859878
4023859903
4023859913
4023859936
4023859937
4023859958
4023859960
4023859962
4023859963
4023860042
4023860065
4023860069
4023860089
4023860096
4023860136
4023860241
4023860243
4023860253
4023860462
4023860468
4023860563
4023860572
4023860584
4023860842
4023860865
4023860977
4023861050
4023861075
4023861092
4023861182
4023861230
4023861268
4023861305
4023861344
4023861376
4023861393
4023861442
4023861474
4023861593
4023861617
4023861649
4023861665
4023861679
4023861827
4023861905
4023862051
4023862081
4023862103
4023862132
4023862441
4023862623
4023862710
4023862720
4023862825
4023862849
4023862952
4023863257
4023863305
4023863367
4023863434
4023863548
4023863558
4023863582
4023863590
4023863613
4023863680
4023863728
4023863777
4023863781
4023863839
4023863900
4023863986
4023864015
4023864110
4023864165
4023864168
4023864194
4023864278
4023864298
4023864299
4023864321
4023864346
4023864418
4023864445
4023864510
4023864634
4023864652
4023864671
4023864774
4023864786
4023864802
4023864803
4023864813
4023864879
4023864976
4023865003
4023865013
4023865023
4023865315
4023865464
4023865487
4023865551
4023865608
4023865643
4023865671
4023865681
4023865705
4023865734
4023865865
4023865921
4023865950
4023865960
4023865964
4023865980
4023865987
4023866035
4023866072
4023866139
4023866277
4023866289
4023866374
4023866399
4023866421
4023866442
4023866452
4023866456
4023866485
4023866489
4023866506
4023866560
4023866669
4023866733
4023866795
4023866800
4023866919
4023866935
4023866975
4023867039
4023867157
4023867223
4023867291
4023867326
4023867352
4023867361
4023867467
4023867639
4023867787
4023867893
4023867924
4023868002
4023868004
4023868020
4023868143
4023868155
4023868211
4023868675
4023868677
4023868919
4023868932
4023868944
4023869029
4023869052
4023869056
4023869077
4023869098
4023869159
4023869254
4023869380
4023869404
4023869458
4023869464
4023869466
4023869562
4023869591
4023869642
4023869669
4023869679
4023869694
4023869740
4023869758
4023869796
4023869883
4023869938
4023870110
4023870183
4023870345
4023870379
4023870419
4023870428
4023870463
4023870470
4023870472
4023870484
4023870502
4023870598
4023870618
4023870620
4023870754
4023870811
4023870848
4023870916
4023871121
4023871122
4023871153
4023871303
4023871430
4023871518
4023871547
4023871565
4023871647
4023871655
4023871708
4023871709
4023871817
4023871848
4023871916
4023871940
4023871977
4023871998
4023872079
4023872127
4023872128
4023872138
4023872177
4023872212
4023872254
4023872264
4023872277
4023872364
4023872417
4023872557
4023872564
4023872579
4023872720
4023872807
4023872856
4023872858
4023872930
4023873186
4023873283
4023873285
4023873335
4023873413
4023873419
4023873454
4023873484
4023873494
4023873518
4023873534
4023873670
4023873866
4023874054
4023874082
4023874098
4023874147
4023874164
4023874337
4023874351
4023874369
4023874370
4023874385
4023874389
4023874421
4023874635
4023874718
4023874854
4023874926
4023874993
4023875133
4023875165
4023875208
4023875221
4023875311
4023875342
4023875387
4023875397
4023875403
4023875422
4023875517
4023875566
4023875607
4023875630
4023875703
4023875862
4023875917
4023876061
4023876074
4023876083
4023876099
4023876103
4023876187
4023876237
4023876318
4023876438
4023876674
4023876711
4023876716
4023876719
4023876756
4023876803
4023876807
4023876900
4023876917
4023876949
4023877060
4023877244
4023877268
4023877313
4023877524
4023877545
4023877570
4023877590
4023877677
4023877731
4023877733
4023877746
4023877819
4023877832
4023877838
4023878076
4023878087
4023878121
4023878185
4023878260
4023878265
4023878313
4023878341
4023878348
4023878365
4023878449
4023878521
4023878632
4023878773
4023878783
4023878808
4023878818
4023878981
4023879095
4023879138
4023879146
4023879178
4023879181
4023879285
4023879307
4023879580
4023879622
4023879750
4023879760
4023879845
4023879859
4023879879
4023880007
4023880011
4023880026
4023880052
4023880070
4023880094
4023880110
4023880156
4023880206
4023880222
4023880224
4023880317
4023880391
4023880395
4023880441
4023880482
4023880533
4023880566
4023880569
4023880620
4023880690
4023880693
4023880744
4023880783
4023880793
4023880836
4023880884
4023880923
4023880959
4023880984
4023880999
4023881049
4023881058
4023881106
4023881110
4023881132
4023881141
4023881219
4023881247
4023881284
4023881295
4023881302
4023881352
4023881353
4023881354
4023881357
4023881365
4023881386
4023881400
4023881414
4023881428
4023881437
4023881605
4023881611
4023881708
4023881712
4023881721
4023881801
4023881898
4023881908
4023881992
4023882055
4023882136
4023882139
4023882301
4023882324
4023882379
4023882582
4023882642
4023882669
4023882768
4023882799
4023883098
4023883142
4023883188
4023883317
4023883320
4023883444
4023883448
4023883488
4023883490
4023883578
4023883690
4023883957
4023883959
4023883969
4023883992
4023884088
4023884138
4023884258
4023884322
4023884357
4023884422
4023884437
4023884448
4023884451
4023884490
4023884561
4023884597
4023884648
4023884676
4023884689
4023884694
4023884717
4023884740
4023884840
4023884874
4023884984
4023885026
4023885035
4023885037
4023885050
4023885074
4023885220
4023885272
4023885395
4023885400
4023885447
4023885460
4023885488
4023885554
4023885594
4023885598
4023885664
4023885764
4023885773
4023885786
4023885835
4023885850
4023885865
4023885888
4023885902
4023885940
4023885961
4023886018
4023886052
4023886105
4023886106
4023886175
4023886214
4023886398
4023886466
4023886518
4023886554
4023886600
4023886617
4023886627
4023886708
4023886738
4023886856
4023886861
4023886875
4023886923
4023887037
4023887057
4023887090
4023887103
4023887168
4023887174
4023887316
4023887375
4023887506
4023887595
4023887599
4023887622
4023887625
4023887645
4023887738
4023887741
4023887770
4023887799
4023887802
4023887843
4023887910
4023887966
4023887991
4023888073
4023888096
4023888131
4023888144
4023888271
4023888348
4023888358
4023888390
4023888435
4023888465
4023888483
4023888506
4023888508
4023888666
4023888753
4023888803
4023888820
4023888962
4023889039
4023889115
4023889175
4023889176
4023889242
4023889333
4023889462
4023889471
4023889550
4023889603
4023889605
4023889628
4023889726
4023889733
4023889805
4023889870
4023889896
4023889927
4023889963
4023890021
4023890030
4023890142
4023890184
4023890246
4023890251
4023890265
4023890344
4023890350
4023890400
4023890436
4023890466
4023890524
4023890530
4023890543
4023890547
4023890550
4023890656
4023890669
4023890687
4023890701
4023890764
4023890795
4023890907
4023890940
4023890993
4023891022
4023891097
4023891153
4023891401
4023891421
4023891481
4023891501
4023891543
4023891556
4023891595
4023891715
4023891747
4023891797
4023891841
4023891897
4023891922
4023892012
4023892033
4023892134
4023892149
4023892175
4023892305
4023892327
4023892540
4023892575
4023892793
4023892840
4023892873
4023892921
4023892933
4023893041
4023893079
4023893122
4023893151
4023893250
4023893336
4023893380
4023893412
4023893432
4023893462
4023893490
4023893516
4023893560
4023893581
4023893632
4023893633
4023893650
4023893681
4023893727
4023893778
4023893825
4023893895
4023894031
4023894034
4023894037
4023894085
4023894121
4023894132
4023894140
4023894147
4023894164
4023894179
4023894199
4023894202
4023894288
4023894305
4023894420
4023894538
4023894685
4023894729
4023894788
4023894797
4023895058
4023895180
4023895191
4023895238
4023895260
4023895420
4023895510
4023895568
4023895609
4023895625
4023895660
4023895716
4023895718
4023895754
4023895761
4023895842
4023895967
4023896016
4023896053
4023896184
4023896211
4023896242
4023896270
4023896297
4023896336
4023896438
4023896518
4023896525
4023896538
4023896558
4023896646
4023896670
4023896729
4023896748
4023897011
4023897054
4023897120
4023897143
4023897204
4023897321
4023897355
4023897368
4023897369
4023897451
4023897491
4023897497
4023897612
4023897627
4023897645
4023897664
4023897847
4023897920
4023898083
4023898248
4023898258
4023898400
4023898409
4023898450
4023898470
4023898505
4023898540
4023898598
4023898710
4023898803
4023898809
4023898830
4023898848
4023898993
4023899019
4023899220
4023899268
4023899276
4023899287
4023899331
4023899347
4023899391
4023899398
4023899415
4023899496
4023899590
4023899593
4023899628
4023899671
4023899697
4023899843
4023899858
4023899870
4023899924
4023899925
4023899947
4023899949
4023899951
4023899987
4023900028
4023900031
4023900069
4023900179
4023900195
4023900214
4023900240
4023900308
4023900321
4023900339
4023900349
4023900386
4023900400
4023900492
4023900526
4023900544
4023900602
4023900605
4023900626
4023900647
4023900672
4023900732
4023900742
4023900748
4023900758
4023900790
4023900807
4023900852
4023900863
4023900886
4023901028
4023901070
4023901080
4023901083
4023901174
4023901188
4023901215
4023901232
4023901244
4023901399
4023901432
4023901453
4023901457
4023901469
4023901471
4023901532
4023901706
4023901721
4023901821
4023901881
4023901921
4023901932
4023901970
4023901988
4023901998
4023902021
4023902099
4023902171
4023902403
4023902417
4023902448
4023902528
4023902553
4023902561
4023902630
4023902661
4023902722
4023902733
4023902739
4023902788
4023902850
4023902918
4023902919
4023903042
4023903049
4023903165
4023903219
4023903255
4023903257
4023903289
4023903315
4023903330
4023903480
4023903493
4023903706
4023903721
4023903830
4023903861
4023903935
4023903945
4023904023
4023904042
4023904043
4023904059
4023904081
4023904091
4023904132
4023904154
4023904166
4023904315
4023904445
4023904535
4023904576
4023904682
4023904700
4023904702
4023904705
4023904808
4023904844
4023904892
4023904969
4023904973
4023904995
4023905017
4023905107
4023905247
4023905323
4023905339
4023905433
4023905539
4023905547
4023905553
4023905601
4023905614
4023905682
4023905775
4023905844
4023905923
4023905936
4023905952
4023905985
4023906007
4023906070
4023906153
4023906167
4023906215
4023906294
4023906303
4023906311
4023906318
4023906320
4023906562
4023906638
4023906644
4023906661
4023906695
4023906703
4023906863
4023906900
4023906902
4023907079
4023907102
4023907138
4023907147
4023907154
4023907187
4023907193
4023907224
4023907288
4023907293
4023907351
4023907356
4023907430
4023907549
4023907669
4023907702
4023907757
4023907833
4023907866
4023907871
4023907895
4023907971
4023908035
4023908135
4023908168
4023908240
4023908247
4023908282
4023908289
4023908325
4023908449
4023908465
4023908589
4023908697
4023908726
4023908834
4023908847
4023908863
4023908948
4023908962
4023909137
4023909141
4023909159
4023909168
4023909183
4023909218
4023909245
4023909335
4023909336
4023909347
4023909351
4023909370
4023909378
4023909464
4023909597
4023909642
4023909769
4023909796
4023909797
4023909814
4023909836
4023909844
4023910024
4023910130
4023910159
4023910244
4023910353
4023910371
4023910372
4023910530
4023910548
4023910655
4023910681
4023910831
4023910872
4023910898
4023910916
4023910940
4023911174
4023911236
4023911391
4023911396
4023911432
4023911474
4023911593
4023911668
4023911682
4023911760
4023911770
4023911779
4023911787
4023911793
4023911802
4023911842
4023911907
4023911918
4023911960
4023912184
4023912307
4023912418
4023912419
4023912488
4023912527
4023912552
4023912688
4023912736
4023912752
4023912768
4023912785
4023912895
4023912928
4023913033
4023913094
4023913195
4023913230
4023913332
4023913409
4023913450
4023913451
4023913488
4023913520
4023913530
4023913641
4023913764
4023914035
4023914186
4023914244
4023914249
4023914493
4023914502
4023914607
4023914639
4023914674
4023914750
4023914786
4023914889
4023914983
4023915068
4023915139
4023915146
4023915200
4023915244
4023915307
4023915432
4023915446
4023915471
4023915596
4023915658
4023915744
4023915773
4023915833
4023915856
4023915865
4023915906
4023915966
4023916010
4023916032
4023916091
4023916172
4023916217
4023916256
4023916264
4023916267
4023916361
4023916406
4023916535
4023916601
4023916606
4023916650
4023916682
4023916819
4023916890
4023916996
4023917021
4023917322
4023917416
4023917549
4023917571
4023917579
4023917745
4023917818
4023917840
4023917891
4023917895
4023917903
4023917910
4023917925
4023917932
4023917958
4023918123
4023918329
4023918421
4023918443
4023918505
4023918535
4023918675
4023918688
4023918701
4023918706
4023918778
4023918784
4023918905
4023918917
4023919147
4023919212
4023919230
4023931654
4023931675
4023931745
4023931746
4023931795
4023931813
4023931830
4023931889
4023931919
4023932028
4023932041
4023932059
4023932070
4023932071
4023932115
4023932121
4023932181
4023932217
4023932224
4023932234
4023932266
4023932330
4023932488
4023932546
4023932631
4023932759
4023932779
4023932787
4023932831
4023932866
4023932869
4023932900
4023932994
4023933002
4023933012
4023933126
4023933159
4023933204
4023933251
4023933314
4023933377
4023933467
4023933468
4023933485
4023933549
4023933558
4023933637
4023933722
4023933729
4023933730
4023933783
4023933897
4023933975
4023934002
4023934034
4023934071
4023934078
4023934130
4023934177
4023934189
4023934244
4023934359
4023934393
4023934398
4023934438
4023934440
4023934503
4023934536
4023934600
4023934751
4023934897
4023934975
4023934977
4023935055
4023935145
4023935207
4023935257
4023935269
4023935299
4023935519
4023935547
4023935590
4023935621
4023935641
4023935770
4023935786
4023935855
4023935909
4023936001
4023936059
4023936117
4023936229
4023936258
4023936314
4023936336
4023936379
4023936387
4023936657
4023936715
4023936818
4023936852
4023936939
4023936983
4023937013
4023937090
4023937223
4023937227
4023937469
4023937475
4023937563
4023937717
4023937748
4023937810
4023938099
4023938101
4023938207
4023938209
4023938382
4023938601
4023938638
4023938691
4023938902
4023938927
4023938966
4023939005
4023939037
4023939124
4023939136
4023939293
4023939295
4023939460
4023939567
4023939736
4023939777
4023939823
4023939830
4023940009
4023940093
4023940150
4023940226
4023940527
4023940558
4023940561
4023940577
4023940596
4023940628
4023940702
4023940915
4023940921
4023941029
4023941131
4023941254
4023941341
4023941370
4023941406
4023941596
4023941639
4023941712
4023941818
4023941861
4023941884
4023941895
4023941992
4023942058
4023942161
4023942184
4023942206
4023942217
4023942219
4023942242
4023942248
4023942267
4023942277
4023942296
4023942349
4023942366
4023942382
4023942389
4023942391
4023942404
4023942438
4023942462
4023942472
4023942570
4023942632
4023942806
4023942819
4023942868
4023942918
4023943019
4023943027
4023943064
4023943222
4023943247
4023943340
4023943371
4023943399
4023943419
4023943657
4023943736
4023943838
4023943873
4023943895
4023943906
4023944035
4023944142
4023944153
4023944182
4023944197
4023944355
4023944384
4023944414
4023944511
4023944543
4023944545
4023944547
4023944605
4023944617
4023944744
4023944756
4023944798
4023944814
4023945513
4023945514
4023945683
4023945791
4023945809
4023945846
4023945890
4023945897
4023945912
4023945963
4023946029
4023946052
4023946073
4023946148
4023946159
4023946206
4023946211
4023946220
4023946292
4023946318
4023946446
4023946480
4023946488
4023946537
4023946577
4023946733
4023946748
4023946771
4023946915
4023946944
4023947066
4023947088
4023947100
4023947147
4023947174
4023947189
4023947201
4023947338
4023947345
4023947469
4023947537
4023947554
4023947556
4023947692
4023947884
4023947984
4023948024
4023948032
4023948078
4023948099
4023948209
4023948212
4023948213
4023948224
4023948270
4023948271
4023948302
4023948440
4023948506
4023948512
4023948548
4023948709
4023948863
4023948913
4023949012
4023949062
4023949076
4023949116
4023949126
4023949186
4023949200
4023949239
4023949246
4023949293
4023949313
4023949314
4023949336
4023949385
4023949398
4023949476
4023949568
4023949613
4023949650
4023949673
4023949878
4023949896
4023950008
4023950149
4023950170
4023950225
4023950300
4023950306
4023950310
4023950315
4023950360
4023950369
4023950370
4023950494
4023950561
4023950578
4023950587
4023950624
4023950680
4023950685
4023950709
4023950816
4023950835
4023950879
4023950915
4023950919
4023950955
4023950985
4023951156
4023951237
4023951242
4023951258
4023951259
4023951302
4023951339
4023951342
4023951413
4023951423
4023951469
4023951572
4023951716
4023951773
4023951779
4023951784
4023951808
4023951816
4023951887
4023951922
4023951934
4023951975
4023952006
4023952023
4023952057
4023952083
4023952106
4023952126
4023952159
4023952178
4023952259
4023952270
4023952301
4023952332
4023952360
4023952534
4023952618
4023952654
4023952672
4023952768
4023952813
4023952845
4023952903
4023952932
4023952955
4023953036
4023953076
4023953199
4023953236
4023953277
4023953308
4023953322
4023953333
4023953360
4023953428
4023953441
4023953447
4023953536
4023953538
4023953577
4023953587
4023953657
4023953664
4023953690
4023953698
4023953719
4023953753
4023953772
4023953881
4023953898
4023954005
4023954136
4023954154
4023954230
4023954273
4023954304
4023954362
4023954399
4023954548
4023954562
4023954595
4023954604
4023954675
4023954712
4023954714
4023954735
4023954757
4023954904
4023954970
4023954997
4023955022
4023955164
4023955282
4023955353
4023955366
4023955552
4023955585
4023955641
4023955653
4023955735
4023955877
4023955907
4023955950
4023955980
4023956187
4023956237
4023956264
4023956319
4023956321
4023956407
4023956460
4023956483
4023956505
4023956507
4023956598
4023956616
4023956780
4023956831
4023956854
4023956899
4023956963
4023957024
4023957028
4023957039
4023957158
4023957183
4023957222
4023957231
4023957296
4023957356
4023957433
4023957532
4023957544
4023957580
4023957623
4023957636
4023957690
4023957781
4023957830
4023957902
4023957903
4023957906
4023957910
4023957915
4023957939
4023957979
4023957980
4023957996
4023958045
4023958063
4023958115
4023958198
4023958202
4023958205
4023958216
4023958408
4023958483
4023958546
4023958675
4023958697
4023958727
4023958913
4023958935
4023958945
4023958950
4023959019
4023959049
4023959057
4023959229
4023959236
4023959320
4023959423
4023959481
4023959507
4023959528
4023959564
4023959587
4023959764
4023959803
4023959848
4023959944
4023960000
4023960075
4023960097
4023960109
4023960227
4023960294
4023960524
4023960599
4023960807
4023960991
4023961010
4023961048
4023961058
4023961149
4023961203
4023961214
4023961237
4023961285
4023961293
4023961384
4023961385
4023961421
4023961469
4023961611
4023961638
4023961717
4023961796
4023961842
4023961915
4023961933
4023961940
4023961943
4023962047
4023962075
4023962183
4023962256
4023962261
4023962269
4023962384
4023962401
4023962465
4023962508
4023962518
4023962577
4023962584
4023962590
4023962694
4023962748
4023962772
4023962796
4023962846
4023962875
4023962884
4023962986
4023963004
4023963009
4023963083
4023963133
4023963302
4023963420
4023963497
4023963739
4023963744
4023963745
4023963766
4023963800
4023963846
4023963904
4023963912
4023963951
4023964014
4023964078
4023964138
4023964157
4023964211
4023964267
4023964276
4023964314
4023964318
4023964326
4023964330
4023964373
4023964375
4023964389
4023964435
4023964545
4023964578
4023964632
4023964663
4023964916
4023964963
4023964974
4023965114
4023965182
4023965228
4023965311
4023965312
4023965379
4023965397
4023965398
4023965422
4023965477
4023965516
4023965519
4023965537
4023965556
4023965572
4023965586
4023965675
4023965731
4023965784
4023965825
4023965866
4023965869
4023965890
4023965907
4023965975
4023966029
4023966174
4023966192
4023966290
4023966359
4023966396
4023966490
4023966508
4023966544
4023966581
4023966599
4023966734
4023966790
4023966810
4023966902
4023966928
4023967010
4023967029
4023967044
4023967112
4023967218
4023967282
4023967395
4023967397
4023967413
4023967449
4023967452
4023967464
4023967548
4023967598
4023967609
4023967647
4023967730
4023967768
4023967793
4023967872
4023968067
4023968092
4023968162
4023968181
4023968220
4023968225
4023968245
4023968365
4023968510
4023968540
4023968553
4023968657
4023968760
4023968796
4023968822
4023968831
4023968853
4023968942
4023968972
4023969043
4023969081
4023969119
4023969255
4023969371
4023969441
4023969442
4023969486
4023969603
4023969620
4023969668
4023969691
4023969787
4023969881
4023969895
4023969986
4023970025
4023970060
4023970110
4023970140
4023970191
4023970256
4023970410
4023970424
4023970465
4023970482
4023970536
4023970610
4023970661
4023970803
4023970808
4023970822
4023970850
4023970917
4023970924
4023970991
4023970994
4023971028
4023971173
4023971489
4023971509
4023971538
4023971625
4023971645
4023971745
4023971769
4023971905
4023971946
4023971987
4023972001
4023972028
4023972113
4023972131
4023972235
4023972289
4023972336
4023972362
4023972470
4023972479
4023972488
4023972510
4023972589
4023972594
4023972636
4023972657
4023972668
4023972703
4023972739
4023972866
4023972969
4023973021
4023973063
4023973185
4023973188
4023973253
4023973296
4023973309
4023973480
4023973518
4023973528
4023973587
4023973663
4023973727
4023973771
4023973778
4023973779
4023973816
4023973838
4023973911
4023973936
4023973998
4023974147
4023974174
4023974269
4023974270
4023974334
4023974344
4023974387
4023974547
4023974610
4023974620
4023974752
4023974808
4023974844
4023974888
4023974944
4023975066
4023975123
4023975165
4023975214
4023975279
4023975343
4023975349
4023975359
4023975395
4023975441
4023975510
4023975612
4023975645
4023975756
4023975767
4023975771
4023975833
4023975889
4023975936
4023976159
4023976187
4023976193
4023976201
4023976291
4023976293
4023976299
4023976317
4023976322
4023976366
4023976553
4023976636
4023976718
4023976831
4023976859
4023976890
4023976892
4023976990
4023977116
4023977179
4023977183
4023977193
4023977212
4023977265
4023977271
4023977399
4023977468
4023977545
4023977549
4023977591
4023977594
4023977605
4023977663
4023977718
4023977747
4023977821
4023977845
4023977908
4023977959
4023978074
4023978110
4023978140
4023978171
4023978191
4023978273
4023978294
4023978343
4023978423
4023978557
4023978564
4023978702
4023978707
4023978709
4023978752
4023978814
4023978880
4023978908
4023978927
4023979002
4023979010
4023979096
4023979097
4023979143
4023979154
4023979169
4023979183
4023979187
4023979217
4023979301
4023979340
4023979345
4023979351
4023979362
4023979368
4023979417
4023979501
4023979522
4023979554
4023979572
4023979600
4023979636
4023979670
4023979689
4023979713
4023979773
4023979824
4023979835
4023979849
4023979930
4023979947
4023979957
4023979966
4023979992
4023980035
4023980075
4023980120
4023980132
4023980181
4023980243
4023980374
4023980418
4023980481
4023980621
4023980623
4023980625
4023980678
4023980792
4023980794
4023980995
4023981114
4023981334
4023981346
4023981354
4023981360
4023981370
4023981480
4023981512
4023981570
4023981610
4023981666
4023981670
4023981698
4023981782
4023981785
4023981864
4023981871
4023981876
4023981898
4023982021
4023982026
4023982053
4023982078
4023982082
4023982102
4023982140
4023982153
4023982190
4023982264
4023982293
4023982302
4023982358
4023982461
4023982463
4023982465
4023982510
4023982539
4023982684
4023982704
4023982711
4023982715
4023982817
4023982836
4023982893
4023982997
4023983006
4023983074
4023983102
4023983120
4023983140
4023983174
4023983197
4023983235
4023983241
4023983244
4023983305
4023983361
4023983369
4023983469
4023983481
4023983551
4023983561
4023983586
4023983598
4023983709
4023983728
4023983753
4023983787
4023983895
4023984009
4023984050
4023984062
4023984075
4023984292
4023984352
4023984463
4023984557
4023984708
4023984767
4023984909
4023985002
4023985008
4023985107
4023985113
4023985204
4023985293
4023985328
4023985382
4023985447
4023985461
4023985531
4023985543
4023985553
4023985581
4023985683
4023985770
4023985801
4023985829
4023985851
4023985872
4023985927
4023985971
4023985985
4023986001
4023986034
4023986106
4023986121
4023986150
4023986209
4023986235
4023986254
4023986294
4023986303
4023986308
4023986420
4023986422
4023986447
4023986451
4023986520
4023986602
4023986726
4023986888
4023986941
4023986958
4023987050
4023987121
4023987181
4023987196
4023987228
4023987232
4023987265
4023987274
4023987285
4023987344
4023987364
4023987442
4023987590
4023987656
4023987683
4023987749
4023987796
4023987918
4023987932
4023987993
4023988027
4023988030
4023988121
4023988250
4023988268
4023988295
4023988305
4023988551
4023988567
4023988595
4023988651
4023988688
4023988691
4023988708
4023988753
4023988786
4023988858
4023988924
4023988942
4023989041
4023989046
4023989052
4023989062
4023989185
4023989186
4023989226
4023989303
4023989442
4023989480
4023989492
4023989504
4023989586
4023989596
4023989635
4023989661
4023989681
4023989682
4023989718
4023989728
4023989732
4023989777
4023989781
4023989821
4023989845
4023989859
4023989863
4023989935
4023990000
4023990081
4023990145
4023990199
4023990202
4023990212
4023990219
4023990309
4023990310
4023990370
4023990381
4023990382
4023990573
4023990776
4023990784
4023990828
4023990957
4023991013
4023991021
4023991039
4023991062
4023991134
4023991138
4023991401
4023991412
4023991441
4023991524
4023991601
4023991606
4023991647
4023991910
4023991937
4023992018
4023992028
4023992029
4023992078
4023992087
4023992110
4023992121
4023992144
4023992187
4023992195
4023992335
4023992516
4023992525
4023992553
4023992625
4023992682
4023992690
4023992698
4023992785
4023992804
4023992806
4023992942
4023992978
4023993012
4023993162
4023993171
4023993174
4023993196
4023993308
4023993321
4023993468
4023993477
4023993532
4023993557
4023993591
4023993617
4023993668
4023993714
4023993795
4023993872
4023993940
4023993948
4023993969
4023993989
4023994045
4023994245
4023994256
4023994275
4023994435
4023994507
4023994547
4023994602
4023994609
4023994714
4023994744
4023994755
4023994788
4023994805
4023994893
4023995063
4023995108
4023995376
4023995380
4023995389
4023995445
4023995473
4023995506
4023995572
4023995587
4023995609
4023995644
4023995682
4023995728
4023995769
4023995882
4023995963
4023996074
4023996156
4023996274
4023996309
4023996395
4023996418
4023996470
4023996494
4023996498
4023996652
4023996658
4023996723
4023996742
4023996770
4023996789
4023996856
4023996891
4023996897
4023996922
4023997015
4023997017
4023997194
4023997198
4023997231
4023997303
4023997317
4023997420
4023997431
4023997478
4023997526
4023997636
4023997738
4023997750
4023997768
4023997810
4023997849
4023997851
4023997906
4023997945
4023998040
4023998043
4023998089
4023998213
4023998288
4023998290
4023998299
4023998310
4023998351
4023998496
4023998510
4023998536
4023998596
4023998646
4023998669
4023998707
4023998898
4023998962
4023999047
4023999172
4023999331
4023999373
4023999383
4023999411
4023999421
4023999458
4023999583
4023999690
4023999795
4023999840
4023999920
4023999944
4023999964
4024000097
4024000107
4024000119
4024000212
4024000221
4024000242
4024000304
4024000320
4024000323
4024000417
4024000422
4024000442
4024000574
4024000650
4024000728
4024000751
4024000774
4024000815
4024000819
4024000836
4024000985
4024000997
4024001139
4024001156
4024001158
4024001175
4024001219
4024001241
4024001251
4024001252
4024001303
4024001307
4024001332
4024001357
4024001438
4024001484
4024001555
4024001617
4024001623
4024001637
4024001696
4024001754
4024001784
4024001795
4024001854
4024001957
4024001968
4024001981
4024002041
4024002044
4024002049
4024002077
4024002127
4024002165
4024002184
4024002343
4024002380
4024002391
4024002399
4024002452
4024002615
4024002623
4024002629
4024002754
4024002766
4024002825
4024002856
4024002883
4024002888
4024002938
4024003004
4024003100
4024003150
4024003222
4024003250
4024003270
4024003287
4024003348
4024003455
4024003606
4024003612
4024003650
4024003680
4024003718
4024003768
4024003833
4024003881
4024003884
4024003896
4024003972
4024004045
4024004092
4024004099
4024004155
4024004197
4024004281
4024004311
4024004324
4024004405
4024004525
4024004534
4024004553
4024004617
4024004679
4024004751
4024004785
4024004789
4024004844
4024004901
4024004909
4024004933
4024005020
4024005028
4024005071
4024005095
4024005157
4024005200
4024005215
4024005252
4024005308
4024005453
4024005457
4024005485
4024005487
4024005509
4024005560
4024005568
4024005584
4024005641
4024005663
4024005714
4024005727
4024005735
4024005744
4024005875
4024005913
4024006074
4024006139
4024006191
4024006214
4024006220
4024006269
4024006273
4024006299
4024006386
4024006389
4024006400
4024006492
4024006634
4024006636
4024006722
4024006761
4024006768
4024006771
4024006779
4024006820
4024007044
4024007049
4024007114
4024007117
4024007123
4024007191
4024007203
4024007294
4024007348
4024007374
4024007421
4024007475
4024007605
4024007633
4024007683
4024007685
4024007725
4024007733
4024007751
4024007756
4024007843
4024007850
4024007888
4024007915
4024007967
4024008009
4024008069
4024008103
4024008119
4024008121
4024008124
4024008142
4024008180
4024008200
4024008208
4024008293
4024008311
4024008350
4024008368
4024008494
4024008554
4024008556
4024008592
4024008594
4024008783
4024008800
4024008841
4024008951
4024009025
4024009047
4024009063
4024009064
4024009073
4024009091
4024009151
4024009192
4024009196
4024009229
4024009385
4024009460
4024009463
4024009476
4024009552
4024009647
4024009672
4024009727
4024009736
4024009740
4024009979
4024010050
4024010064
4024010084
4024010114
4024010121
4024010141
4024010168
4024010211
4024010251
4024010304
4024010506
4024010572
4024010595
4024010616
4024010690
4024010712
4024010731
4024010738
4024010905
4024010960
4024011035
4024011107
4024011123
4024011154
4024011162
4024011188
4024011208
4024011422
4024011450
4024011547
4024011630
4024011647
4024011665
4024011675
4024011702
4024011703
4024011719
4024011768
4024011787
4024011815
4024011994
4024012118
4024012119
4024012151
4024012153
4024012165
4024012177
4024012205
4024012227
4024012289
4024012355
4024012376
4024012392
4024012421
4024012429
4024012460
4024012467
4024012482
4024012569
4024012642
4024012662
4024012677
4024012818
4024012831
4024012857
4024012875
4024012985
4024013202
4024013236
4024013351
4024013491
4024013570
4024013657
4024013723
4024013813
4024013815
4024013870
4024013894
4024013917
4024013924
4024013993
4024014065
4024014082
4024014086
4024014110
4024014125
4024014198
4024014291
4024014301
4024014337
4024014356
4024014386
4024014462
4024014480
4024014486
4024014623
4024014634
4024014681
4024014731
4024014850
4024014862
4024014877
4024014924
4024014974
4024015046
4024015051
4024015139
4024015142
4024015153
4024015182
4024015185
4024015203
4024015232
4024015423
4024015535
4024015554
4024015562
4024015612
4024015620
4024015639
4024015820
4024015835
4024015963
4024015965
4024015998
4024016109
4024016133
4024016155
4024016235
4024016315
4024016316
4024016360
4024016527
4024016551
4024016554
4024016615
4024016705
4024016732
4024016738
4024016756
4024016785
4024016822
4024017081
4024017252
4024017271
4024017332
4024017394
4024017398
4024017410
4024017464
4024017477
4024017488
4024017550
4024017603
4024017667
4024017670
4024017700
4024017789
4024017814
4024017848
4024017958
4024017976
4024018030
4024018078
4024018086
4024018093
4024018191
4024018207
4024018241
4024018258
4024018439
4024018467
4024018878
4024018892
4024019169
4024019218
4024019265
4024019365
4024019377
4024019393
4024019416
4024019481
4024019496
4024019533
4024019546
4024019591
4024019781
4024019798
4024019924
4024019973
4024020048
4024020054
4024020069
4024020090
4024020124
4024020155
4024020164
4024020275
4024020346
4024020351
4024020372
4024020390
4024020409
4024020485
4024020540
4024020568
4024020633
4024020657
4024020661
4024020668
4024020690
4024020723
4024020836
4024020879
4024020889
4024020909
4024020910
4024020966
4024021094
4024021177
4024021213
4024021225
4024021431
4024021462
4024021490
4024021508
4024021527
4024021580
4024021627
4024021707
4024021876
4024021999
4024022026
4024022066
4024022108
4024022139
4024022205
4024022233
4024022236
4024022280
4024022371
4024022375
4024022385
4024022399
4024022430
4024022529
4024022537
4024022587
4024022678
4024022702
4024022733
4024022760
4024022783
4024022788
4024022791
4024022834
4024022876
4024022944
4024022959
4024023014
4024023027
4024023066
4024023092
4024023222
4024023269
4024023349
4024023392
4024023580
4024023586
4024023664
4024023747
4024023785
4024023814
4024023844
4024023954
4024023972
4024023976
4024024019
4024024054
4024024136
4024024149
4024024209
4024024250
4024024316
4024024342
4024024568
4024024630
4024024643
4024024791
4024024800
4024024846
4024024856
4024024866
4024024873
4024024897
4024024917
4024025007
4024025064
4024025150
4024025167
4024025180
4024025280
4024025298
4024025371
4024025404
4024025548
4024025591
4024025664
4024025750
4024025776
4024025870
4024025888
4024025908
4024025923
4024025935
4024025945
4024025954
4024026005
4024026053
4024026094
4024026129
4024026170
4024026253
4024026260
4024026277
4024026282
4024026622
4024026652
4024026676
4024026766
4024026807
4024026916
4024026930
4024026933
4024026944
4024027067
4024027150
4024027159
4024027237
4024027262
4024027348
4024027365
4024027395
4024027425
4024027447
4024027586
4024027653
4024027692
4024027709
4024027758
4024027769
4024027805
4024027902
4024027962
4024027990
4024028010
4024028086
4024028112
4024028364
4024028369
4024028420
4024028489
4024028495
4024028530
4024028537
4024028587
4024028607
4024028668
4024028674
4024028690
4024028731
4024028734
4024028840
4024028916
4024029091
4024029100
4024029176
4024029231
4024029244
4024029405
4024029418
4024029578
4024029689
4024029701
4024029787
4024029805
4024029834
4024029863
4024029977
4024030087
4024030103
4024030108
4024030133
4024030150
4024030162
4024030439
4024030541
4024030644
4024030801
4024030879
4024030972
4024031012
4024031023
4024031040
4024031085
4024031099
4024031124
4024031364
4024031488
4024031632
4024031694
4024031713
4024031728
4024031774
4024031783
4024031797
4024031983
4024032065
4024032137
4024032225
4024032242
4024032261
4024032306
4024032345
4024032503
4024032552
4024032663
4024032688
4024032692
4024032700
4024032767
4024033008
4024033039
4024033085
4024033119
4024033158
4024033279
4024033295
4024033326
4024033335
4024033352
4024033466
4024033530
4024033612
4024033632
4024033661
4024033666
4024033740
4024033779
4024034000
4024034092
4024034237
4024034274
4024034278
4024034282
4024034313
4024034336
4024034392
4024034498
4024034505
4024034530
4024034533
4024034538
4024034711
4024034712
4024034722
4024034776
4024034862
4024035045
4024035102
4024035162
4024035243
4024035313
4024035418
4024035440
4024035442
4024035443
4024035475
4024035491
4024035581
4024035744
4024035796
4024035833
4024035862
4024035871
4024035911
4024035915
4024035958
4024035960
4024036006
4024036173
4024036218
4024036243
4024036261
4024036369
4024036396
4024036454
4024036470
4024036486
4024036560
4024036563
4024036570
4024036607
4024036712
4024036964
4024036969
4024037095
4024037161
4024037197
4024037278
4024037286
4024037319
4024037423
4024037438
4024037443
4024037493
4024037556
4024037558
4024037814
4024037854
4024037955
4024037978
4024038008
4024038104
4024038192
4024038224
4024038236
4024038255
4024038357
4024038364
4024038463
4024038507
4024038535
4024038541
4024038605
4024038630
4024038672
4024038687
4024038770
4024038792
4024038843
4024038885
4024038965
4024039078
4024039097
4024039106
4024039128
4024039143
4024039148
4024039188
4024039279
4024039302
4024039348
4024039420
4024039565
4024039606
4024039644
4024039651
4024039726
4024039808
4024039861
4024039884
4024039909
4024039919
4024040002
4024040003
4024040012
4024040055
4024040132
4024040147
4024040171
4024040191
4024040305
4024040318
4024040345
4024040444
4024040529
4024040555
4024040591
4024040597
4024040641
4024040763
4024040764
4024040818
4024040837
4024040864
4024040870
4024040911
4024040971
4024040988
4024041041
4024041096
4024041140
4024041145
4024041217
4024041278
4024041280
4024041308
4024041324
4024041364
4024041381
4024041393
4024041415
4024041442
4024041444
4024041543
4024041718
4024041863
4024041896
4024041939
4024041942
4024041947
4024041961
4024042103
4024042118
4024042224
4024042237
4024042259
4024042283
4024042285
4024042394
4024042419
4024042440
4024042546
4024042560
4024042717
4024042790
4024042874
4024042901
4024042943
4024042967
4024043173
4024043182
4024043191
4024043307
4024043321
4024043334
4024043361
4024043421
4024043481
4024043486
4024043642
4024043658
4024043745
4024043780
4024043818
4024043880
4024043891
4024043895
4024043898
4024043900
4024044012
4024044014
4024044289
4024044291
4024044299
4024044316
4024044354
4024044377
4024044553
4024044565
4024044610
4024044615
4024044654
4024044658
4024044659
4024044670
4024044767
4024044772
4024044998
4024045027
4024045070
4024045092
4024045100
4024045127
4024045141
4024045218
4024045309
4024045327
4024045452
4024045473
4024045489
4024045500
4024045540
4024045596
4024045621
4024045622
4024045636
4024045639
4024045672
4024045705
4024045736
4024045763
4024045833
4024045875
4024045888
4024045911
4024045923
4024045928
4024045957
4024045975
4024045992
4024046012
4024046193
4024046267
4024046281
4024046299
4024046471
4024046485
4024046487
4024046489
4024046591
4024046673
4024046825
4024046839
4024046843
4024047008
4024047061
4024047094
4024047131
4024047157
4024047196
4024047285
4024047417
4024047452
4024047472
4024047495
4024047558
4024047573
4024047613
4024047622
4024047630
4024047682
4024047708
4024047820
4024047823
4024047857
4024047871
4024047891
4024047994
4024048027
4024048039
4024048060
4024048065
4024048075
4024048095
4024048172
4024048208
4024048221
4024048229
4024048240
4024048264
4024048281
4024048293
4024048332
4024048399
4024048446
4024048530
4024048566
4024048621
4024048672
4024048705
4024048800
4024048895
4024048908
4024049022
4024049136
4024049175
4024049179
4024049195
4024049247
4024049302
4024049303
4024049331
4024049337
4024049349
4024049554
4024049560
4024049680
4024049712
4024049719
4024049766
4024049779
4024049781
4024049816
4024049877
4024049925
4024049928
4024049929
4024049936
4024049938
4024049948
4024049966
4024050029
4024050102
4024050125
4024050199
4024050211
4024050217
4024050241
4024050256
4024050263
4024050289
4024050372
4024050470
4024050504
4024050564
4024050615
4024050700
4024050701
4024050741
4024050815
4024050905
4024051009
4024051017
4024051036
4024051062
4024051069
4024051176
4024051244
4024051431
4024051496
4024051497
4024051506
4024051524
4024051643
4024051654
4024051678
4024051711
4024051757
4024051759
4024051760
4024051789
4024051850
4024051851
4024051860
4024051890
4024051915
4024051941
4024051960
4024051962
4024052029
4024052113
4024052171
4024052177
4024052188
4024052211
4024052385
4024052405
4024052409
4024052415
4024052434
4024052482
4024052542
4024052563
4024052568
4024052606
4024052633
4024052643
4024052647
4024052656
4024052747
4024052925
4024052995
4024053055
4024053083
4024053180
4024053192
4024053224
4024053231
4024053255
4024053256
4024053285
4024053309
4024053353
4024053403
4024053404
4024053409
4024053439
4024053450
4024053468
4024053495
4024053511
4024053524
4024053589
4024053768
4024053816
4024053819
4024053858
4024053915
4024053953
4024054037
4024054096
4024054151
4024054283
4024054360
4024054367
4024054429
4024054440
4024054441
4024054442
4024054486
4024054493
4024054512
4024054587
4024054674
4024054687
4024054708
4024054734
4024054752
4024054774
4024054878
4024054889
4024054981
4024055038
4024055050
4024055099
4024055219
4024055228
4024055259
4024055290
4024055319
4024055357
4024055388
4024055567
4024055573
4024055584
4024055665
4024055709
4024055743
4024055756
4024055778
4024055955
4024056052
4024056103
4024056109
4024056146
4024056309
4024056345
4024056381
4024056420
4024056454
4024056489
4024056532
4024056615
4024056680
4024056748
4024056783
4024056846
4024056900
4024056913
4024056916
4024056975
4024057015
4024057029
4024057056
4024057077
4024057205
4024057212
4024057218
4024057277
4024057300
4024057308
4024057339
4024057356
4024057381
4024057394
4024057553
4024057579
4024057717
4024057733
4024057759
4024057782
4024057879
4024058022
4024058026
4024058031
4024058065
4024058066
4024058073
4024058121
4024058146
4024058183
4024058211
4024058334
4024058353
4024058399
4024058438
4024058499
4024058511
4024058537
4024058693
4024058706
4024058741
4024058774
4024058780
4024058908
4024058952
4024059021
4024059068
4024059093
4024059098
4024059178
4024059228
4024059283
4024059301
4024059308
4024059330
4024059337
4024059368
4024059377
4024059405
4024059441
4024059462
4024059521
4024059631
4024059640
4024059649
4024059664
4024059704
4024059710
4024059717
4024059757
4024059796
4024059813
4024059827
4024059888
4024059906
4024059931
4024059979
4024059982
4024060023
4024060031
4024060067
4024060130
4024060134
4024060148
4024060149
4024060153
4024060222
4024060289
4024060320
4024060383
4024060447
4024060492
4024060531
4024060625
4024060701
4024060705
4024060813
4024060852
4024060948
4024061082
4024061126
4024061150
4024061200
4024061207
4024061212
4024061382
4024061385
4024061436
4024061474
4024061483
4024061496
4024061619
4024061699
4024061724
4024061751
4024061770
4024061858
4024061872
4024061974
4024062007
4024062220
4024062290
4024062358
4024062417
4024062426
4024062454
4024062556
4024062591
4024062593
4024062713
4024062742
4024062796
4024062890
4024062930
4024062940
4024062973
4024062998
4024063101
4024063128
4024063139
4024063142
4024063147
4024063163
4024063234
4024063288
4024063312
4024063451
4024063483
4024063494
4024063523
4024063569
4024063577
4024063739
4024063781
4024063870
4024063871
4024063914
4024063917
4024063920
4024064094
4024064095
4024064151
4024064152
4024064169
4024064256
4024064386
4024064438
4024064471
4024064472
4024064493
4024064495
4024064581
4024064591
4024064601
4024064648
4024064656
4024064708
4024064727
4024064736
4024064761
4024064789
4024064799
4024064802
4024064842
4024064869
4024064897
4024064909
4024064979
4024064985
4024064990
4024065004
4024065039
4024065043
4024065093
4024065126
4024065140
4024065188
4024065232
4024065233
4024065264
4024065303
4024065325
4024065366
4024065369
4024065505
4024065580
4024065583
4024065609
4024065648
4024065684
4024065724
4024065751
4024065753
4024065780
4024065836
4024065973
4024066018
4024066027
4024066099
4024066103
4024066120
4024066154
4024066191
4024066228
4024066239
4024066261
4024066262
4024066299
4024066365
4024066372
4024066377
4024066395
4024066435
4024066463
4024066508
4024066525
4024066621
4024066623
4024066687
4024066688
4024066710
4024066716
4024066744
4024066759
4024066799
4024066805
4024066857
4024066966
4024066973
4024067055
4024067072
4024067099
4024067108
4024067135
4024067141
4024067150
4024067179
4024067182
4024067231
4024067253
4024067306
4024067354
4024067361
4024067475
4024067505
4024067554
4024067574
4024067652
4024067670
4024067676
4024067756
4024067758
4024067762
4024067766
4024067778
4024067789
4024067804
4024067824
4024067831
4024067839
4024067859
4024067960
4024068044
4024068116
4024068196
4024068201
4024068205
4024068234
4024068255
4024068295
4024068327
4024068332
4024068342
4024068368
4024068401
4024068478
4024068549
4024068552
4024068609
4024068669
4024068673
4024068689
4024068726
4024068868
4024068923
4024068937
4024069077
4024069264
4024069267
4024069279
4024069354
4024069401
4024069433
4024069441
4024069475
4024069486
4024069549
4024069722
4024069738
4024069767
4024069768
4024069839
4024069864
4024069870
4024069941
4024069977
4024069999
4024070050
4024070137
4024070141
4024070208
4024070239
4024070316
4024070347
4024070445
4024070506
4024070520
4024070521
4024070666
4024070684
4024070694
4024070819
4024070833
4024070858
4024070859
4024070995
4024071018
4024071099
4024071199
4024071205
4024071266
4024071289
4024071303
4024071372
4024071390
4024071436
4024071437
4024071452
4024071460
4024071464
4024071572
4024071585
4024071593
4024071632
4024071730
4024071768
4024071807
4024071866
4024071896
4024071980
4024072111
4024072117
4024072248
4024072252
4024072296
4024072299
4024072364
4024072417
4024072520
4024072689
4024072725
4024072736
4024072739
4024072768
4024072778
4024072861
4024072916
4024072957
4024072977
4024072993
4024073046
4024073165
4024073223
4024073273
4024073302
4024073361
4024073366
4024073407
4024073415
4024073446
4024073520
4024073522
4024073557
4024073658
4024073733
4024073769
4024073802
4024073819
4024073924
4024073984
4024074055
4024074148
4024074159
4024074176
4024074184
4024074230
4024074263
4024074293
4024074312
4024074314
4024074330
4024074379
4024074470
4024074475
4024074478
4024074548
4024074638
4024074673
4024074731
4024074797
4024074861
4024074867
4024074895
4024074947
4024074999
4024075025
4024075075
4024075091
4024075140
4024075151
4024075155
4024075184
4024075188
4024075230
4024075291
4024075435
4024075461
4024075528
4024075575
4024075606
4024075685
4024075708
4024075746
4024075819
4024075855
4024075870
4024075910
4024075954
4024076000
4024076032
4024076080
4024076215
4024076228
4024076241
4024076303
4024076338
4024076385
4024076424
4024076429
4024076524
4024076559
4024076584
4024076625
4024076653
4024076721
4024076735
4024076801
4024076881
4024076917
4024076950
4024077044
4024077098
4024077111
4024077136
4024077157
4024077223
4024077250
4024077262
4024077402
4024077404
4024077545
4024077614
4024077803
4024077819
4024077920
4024078016
4024078029
4024078046
4024078049
4024078151
4024078181
4024078222
4024078239
4024078323
4024078330
4024078364
4024078378
4024078403
4024078533
4024078581
4024078681
4024078707
4024078766
4024078824
4024078859
4024078896
4024078931
4024079066
4024079079
4024079098
4024079235
4024079322
4024079330
4024079334
4024079413
4024079533
4024079560
4024079579
4024079580
4024079595
4024079684
4024079687
4024079693
4024079714
4024079727
4024079729
4024079754
4024079822
4024079870
4024079911
4024079923
4024080109
4024080110
4024080155
4024080158
4024080253
4024080282
4024080302
4024080336
4024080339
4024080386
4024080404
4024080408
4024080430
4024080511
4024080525
4024080583
4024080645
4024080664
4024080681
4024080723
4024080735
4024080842
4024080887
4024080911
4024080926
4024080929
4024080987
4024081044
4024081064
4024081082
4024081181
4024081261
4024081294
4024081304
4024081373
4024081393
4024081419
4024081521
4024081555
4024081560
4024081600
4024081679
4024081835
4024081909
4024081939
4024082021
4024082039
4024082051
4024082064
4024082100
4024082122
4024082197
4024082205
4024082211
4024082229
4024082278
4024082309
4024082335
4024082363
4024082375
4024082404
4024082412
4024082423
4024082426
4024082486
4024082511
4024082617
4024082667
4024082864
4024083022
4024083048
4024083051
4024083085
4024083101
4024083200
4024083214
4024083301
4024083331
4024083412
4024083451
4024083619
4024083647
4024083664
4024083800
4024083822
4024083828
4024083835
4024083913
4024083944
4024083989
4024084014
4024084079
4024084155
4024084192
4024084199
4024084202
4024084220
4024084302
4024084341
4024084399
4024084402
4024084406
4024084437
4024084556
4024084599
4024084661
4024084704
4024084736
4024084751
4024084804
4024084807
4024084864
4024084947
4024085089
4024085163
4024085178
4024085250
4024085266
4024085362
4024085464
4024085530
4024085688
4024085720
4024085740
4024085742
4024085775
4024085797
4024085894
4024085897
4024085937
4024085952
4024086037
4024086072
4024086084
4024086089
4024086113
4024086160
4024086176
4024086215
4024086290
4024086333
4024086455
4024086527
4024086537
4024086603
4024086682
4024086692
4024086822
4024086890
4024087032
4024087120
4024087121
4024087130
4024087188
4024087215
4024087247
4024087377
4024087423
4024087426
4024087450
4024087494
4024087534
4024087561
4024087591
4024087598
4024087600
4024087620
4024087628
4024087670
4024087673
4024087680
4024087681
4024087707
4024087826
4024087871
4024087933
4024088065
4024088091
4024088238
4024088260
4024088323
4024088427
4024088462
4024088477
4024088511
4024088522
4024088531
4024088574
4024088607
4024088698
4024088723
4024088746
4024088815
4024088880
4024088920
4024088955
4024088996
4024089059
4024089113
4024089153
4024089156
4024089161
4024089206
4024089226
4024089536
4024089546
4024089549
4024089616
4024089721
4024089764
4024089926
4024089967
4024090082
4024090094
4024090270
4024090272
4024090284
4024090306
4024090315
4024090383
4024090434
4024090458
4024090465
4024090497
4024090501
4024090540
4024090566
4024090572
4024090588
4024090605
4024090632
4024090680
4024090702
4024090740
4024090755
4024090802
4024090846
4024090892
4024090899
4024090910
4024090922
4024090967
4024091098
4024091142
4024091246
4024091329
4024091330
4024091343
4024091345
4024091352
4024091371
4024091460
4024091479
4024091535
4024091544
4024091575
4024091643
4024091655
4024091689
4024091767
4024091872
4024091925
4024092071
4024092156
4024092177
4024092206
4024092240
4024092280
4024092294
4024092309
4024092328
4024092345
4024092365
4024092410
4024092418
4024092465
4024092495
4024092549
4024092553
4024092656
4024092662
4024092750
4024092751
4024092772
4024092773
4024092812
4024092831
4024092843
4024092874
4024092949
4024092975
4024092978
4024093038
4024093072
4024093098
4024093184
4024093186
4024093211
4024093343
4024093413
4024093457
4024093474
4024093520
4024093576
4024093617
4024093632
4024093652
4024093691
4024093734
4024093768
4024093801
4024093814
4024093825
4024093904
4024093917
4024093927
4024093983
4024094066
4024094091
4024094115
4024094167
4024094179
4024094218
4024094261
4024094302
4024094349
4024094369
4024094381
4024094450
4024094525
4024094536
4024094560
4024094568
4024094592
4024094610
4024094620
4024094732
4024094762
4024094831
4024094879
4024094923
4024094954
4024094981
4024095128
4024095143
4024095165
4024095192
4024095236
4024095248
4024095255
4024095258
4024095394
4024095409
4024095458
4024095516
4024095569
4024095583
4024095607
4024095631
4024095734
4024095759
4024095775
4024095796
4024095810
4024095877
4024095936
4024095949
4024095968
4024095971
4024095978
4024095995
4024096030
4024096125
4024096178
4024096218
4024096244
4024096303
4024096319
4024096343
4024096427
4024096453
4024096472
4024096499
4024096536
4024096556
4024096610
4024096667
4024096775
4024096779
4024096780
4024096911
4024096929
4024096935
4024096988
4024097023
4024097032
4024097061
4024097095
4024097136
4024097231
4024097264
4024097295
4024097377
4024097400
4024097446
4024097477
4024097481
4024097490
4024097739
4024097807
4024097828
4024097899
4024097949
4024097961
4024097978
4024098007
4024098122
4024098123
4024098178
4024098185
4024098191
4024098250
4024098275
4024098450
4024098571
4024098603
4024098607
4024098630
4024098696
4024098745
4024098747
4024098802
4024098826
4024098855
4024098913
4024098990
4024099006
4024099010
4024099106
4024099143
4024099366
4024099368
4024099373
4024099503
4024099544
4024099554
4024099588
4024099615
4024099774
4024099841
4024099865
4024099887
4024099915
4024099948
4024099958
4024100031
4024100139
4024100169
4024100178
4024100238
4024100338
4024100517
4024100525
4024100557
4024100564
4024100581
4024100674
4024100746
4024100769
4024100774
4024100845
4024100903
4024100939
4024100976
4024101049
4024101059
4024101139
4024101144
4024101176
4024101222
4024101310
4024101326
4024101429
4024101527
4024101734
4024101747
4024101769
4024101895
4024101907
4024101951
4024101953
4024102023
4024102042
4024102070
4024102121
4024102167
4024102198
4024102207
4024102247
4024102267
4024102385
4024102462
4024102515
4024102552
4024102775
4024102824
4024102848
4024102904
4024102912
4024102918
4024102955
4024102966
4024102967
4024103020
4024103058
4024103119
4024103126
4024103127
4024103128
4024103142
4024103143
4024103254
4024103287
4024103327
4024103357
4024103448
4024103465
4024103476
4024103573
4024103678
4024103699
4024103729
4024103752
4024103769
4024103779
4024103830
4024103896
4024103957
4024104150
4024104158
4024104222
4024104277
4024104335
4024104337
4024104423
4024104476
4024104560
4024104731
4024104916
4024105001
4024105067
4024105115
4024105134
4024105138
4024105158
4024105167
4024105321
4024105462
4024105507
4024105530
4024105539
4024105543
4024105720
4024105769
4024105855
4024105883
4024105887
4024105890
4024105894
4024105917
4024105943
4024106027
4024106105
4024106113
4024106386
4024106413
4024106442
4024106445
4024106487
4024106493
4024106571
4024106574
4024106597
4024106648
4024106780
4024106806
4024106811
4024106873
4024106972
4024107076
4024107134
4024107140
4024107149
4024107171
4024107237
4024107246
4024107301
4024107349
4024107540
4024107701
4024107725
4024107778
4024107820
4024107891
4024107895
4024107907
4024107993
4024107998
4024108043
4024108110
4024108205
4024108208
4024108216
4024108277
4024108303
4024108333
4024108442
4024108498
4024108508
4024108515
4024108524
4024108618
4024108681
4024108773
4024108783
4024108819
4024108836
4024108878
4024108880
4024108973
4024109008
4024109074
4024109137
4024109145
4024109161
4024109307
4024109415
4024109576
4024109600
4024109607
4024109648
4024109657
4024109667
4024109691
4024109752
4024109754
4024109796
4024109847
4024109914
4024109941
4024109984
4024110033
4024110093
4024110105
4024110162
4024110273
4024110288
4024110310
4024110361
4024110418
4024110455
4024110492
4024110580
4024110591
4024110615
4024110677
4024110683
4024110725
4024110748
4024110843
4024110850
4024110958
4024111128
4024111211
4024111223
4024111234
4024111320
4024111448
4024111465
4024111509
4024111519
4024111547
4024111554
4024111572
4024111584
4024111602
4024111654
4024111702
4024111801
4024111839
4024111885
4024111964
4024111975
4024111991
4024112080
4024112084
4024112212
4024112236
4024112242
4024112250
4024112275
4024112379
4024112381
4024112385
4024112392
4024112423
4024112442
4024112453
4024112558
4024112567
4024112576
4024112630
4024112643
4024112753
4024112828
4024112834
4024112853
4024113014
4024113100
4024113106
4024113301
4024113309
4024113312
4024113336
4024113387
4024113439
4024113532
4024113547
4024113599
4024113600
4024113738
4024113787
4024113922
4024114030
4024114056
4024114059
4024114066
4024114086
4024114121
4024114181
4024114362
4024114428
4024114500
4024114580
4024114668
4024114693
4024114770
4024114791
4024114824
4024114905
4024114935
4024114937
4024115047
4024115068
4024115080
4024115161
4024115169
4024115259
4024115272
4024115342
4024115343
4024115465
4024115476
4024115526
4024115606
4024115700
4024115742
4024115750
4024115762
4024115847
4024115925
4024116067
4024116129
4024116133
4024116136
4024116139
4024116148
4024116324
4024116356
4024116362
4024116405
4024116414
4024116446
4024116636
4024116650
4024116676
4024116686
4024116713
4024116717
4024116739
4024116783
4024116790
4024116807
4024116827
4024116848
4024116930
4024116946
4024117035
4024117094
4024117253
4024117351
4024117409
4024117435
4024117512
4024117540
4024117542
4024117543
4024117552
4024117593
4024117618
4024117709
4024117758
4024117864
4024117885
4024118011
4024118069
4024118239
4024118255
4024118316
4024118355
4024118462
4024118472
4024118486
4024118508
4024118519
4024118520
4024118558
4024118576
4024118595
4024118646
4024118725
4024118739
4024118809
4024118811
4024118821
4024118848
4024119060
4024119065
4024119189
4024119301
4024119345
4024119369
4024119446
4024119450
4024119499
4024119566
4024119581
4024119635
4024119664
4024119711
4024119729
4024119843
4024119990
4024120097
4024120129
4024120161
4024120190
4024120199
4024120257
4024120462
4024120518
4024120592
4024121217